25867133782
64890934808343106072769459743839416089785
-167156996770979560453
620812588327583485830669071777993040391609636104474452934483
360705987615977167054137263120970541905003129465
1763061455040608485391569072
3936898611841257310625896658729086246479839129876375366982972788337877335260688675957502875852581703721653143767363025999454073646724635637844329812
247690318861217207132052532250379170357652220694626569009477168
-636001528440487924074934274945803613001684378510005368492085687743
32050649355363896292278182882468506953265831687974146434907902373434870733960
7461666496481468578642857468660927779344887359202346605454638675065088222377960912017053220155522388722546140090272652071627164617748827371357628553229307668575170391761403903809011
4748171036308001969936440025648880458183180764299463038544074582777950047908930041435096367363
-8718932255951846959566906417332879837854193336635223717714119
970044453122191567660420946758015111353037565879962200733744468463160705967423927306107392819219024
-541559160351366014182587714007287370033028878632074155955614629490583577534535904336548124947
1578349474177868135390441940741727913221877820759572846770191
6793618199594684293011764511003756886481304465986173851112343467613230458617011509262859243248233906843292
456676425298012649754129295948932640965488314067552277678
-151432730081266431810589160230834058187893431493409269437179303378733794
-742527679180898502
-31817654692902225738708652179860584151017056594617255047776247900
-4002952411920912092076774760
397984670808536225825425880112720167006679502511352526549782856480219889799741529051211065180435753041095923590134
-2866342402759534759096438113035118212747087679854773967310503010910944376024083549627870676972890361703893436835680090883970029595536194055236422200750874988580669156518895330
29308608691382824103206329445473308635674031947011462066480783393150126536973916812893211859360626565235
2350957450673936208733082051241507444628608270470911458950866425489759664706793441690225855638039792349263392
-50975600915944345928023754526753884366
7528426113923985333529686521124108330265456358329312383680827912558654956839200774391257
-6087176046355563713190170999
29692062298388390623456753512417503440975259164636378969854
17632061716247361815822043217574207326493167543888643821124896277066943220497210480127637456953288164172
3783573725630003302601525833466515621962721266020698117421494017249986359178316192202754445581212152007975398455203758682788076824398
73064916554274435345227467725062690520687033015814622631675307
-1285778227249628267771931630505334696914797955227788890302623120676477
-266897811191460486453119204731397180833688949855254688019865194072951697026112724314571090181118721798465889385478798229
222050386880794599157487954035611946825091996000977059759434213025663068574653312517266105615695095734550
234809944398148204049457922214708938749075101487
20965212002341646009069893998779034006900474589509474591061953417043470320908829667526523971593
-65630601905727614954946431239106831499968541250715396473069301141985256908770973
576942191314019591400331304269005883568149677003468350623677288375836053132224
2006505751865368683169840435953553331415935778980752396918490015816939744265962384967160272
-461611308641244538234505857115093629419985725284206397535162053112374052627070511307088607832354108004347193774270331376614615880
9374226530123818815935391281434694247799897737957865134243491421205302473927076787694683
6903631708119807873021079563561366997114184023113917
-3092508479939989308131873815978295858499564505769056152
-253462954534953271273969677311559335858928405110911205770979777913022573345266401
20159225240526461248677920134223055189353038551204623076853835923815171369453397712501301745883446866920646
271286863728619527
-364216162339308167315975177050562825193474708715304155210561077773973837449288651371513950751496919128842166832880266992
-32446254103112617180993812798631958368936671844228875560430057524215358
-29333841689601460908102730146918779270138045258623209440584127808549499239924201518732998782468119752936348437431957638646313
21701422219697326601289850912773440834628744966617984109323169994814043567
53099189228680185224088382863999995281610434222133494525602523097739962949998210410573361
-1553764685192555964237776892862326337165662024931974852705628730388451314050136054705015884822
483363990997313659090433109075970323326001645335762417561356556636396952704142761995532263684573561671597910891439842377309028771648105761176307084039688269
98915463912987116210559618456735542128634748302672904996047378961392074213758
498315045900555763303866935974184571048995439885134483148715714489280924061538
43970663461163547951373081097577710861621106596848500694405638204585919
23444774674225264607804787601537115813369535550595638427508555099596634
-34334742404328110984005161104931058346616253781224524753522472009493267297512595550077709779726352720576892914162264380269296619646174906646279893999975834007660
4903008154797392701489838939565463744637629174330013821873748403884259058884169235307443435960696
-3009174723706145666491525138495365238417039954509183509811909062984120403813939
7871561543470679178011389340784623259078630515490688956422649
596706172292274072548447847496648502513259909141626959545534097
-643048525747030167984363000806779982698776877615918707725325936986724116
-657843465174989756329581654323196658958800878
11399695014016004442246329638572
3867691381987301998525997
-44597365422813905354604211091929915927779897634076804075423687192782406793705461201529321737444294287187345
-562941161629773296565154991585407967923015934441857172236495801063580327990683570051331198681
-125267767614067718651897298516
-40429388541839580998734602437832309723772177158281999719433374988730524675365671423406670022143819925431933069606025
-38482761960786367772962835355779040087105402260709824521482922012496805837749168218044509
2576269968820188723320411878472253
641550574791144640468555587769419345741787153243032306596657200720884180284198304279642188750781607
64178897835620293949377479814755346660522736543557037125
-43973914373071502
4279617287484893198960503608258781188165595907384707453274249765045418546055051146999227323258979421194482857095869572620381735466440146328954059766101361
60613297535352788315618638819786675570793110376897521430461895442406419805552407430101778246435806
891128402216975695302905459469658787416360624829252918348806114880482196996655728703326126557
-87645607020373428391615286
4383382128757464183465361726651694533595927002594388726192539816414679231692
-72679533109770220419898354574350556217255424231910253087574889977117543658734817071815925325
5181069074867813296115086209488520333270430504774967409574101474121120620416384653010463819562128874
1996480823891193416192357710631389093687827061351608406001126140
581878216128370902707026824962847587980941038255137383322457443581689155042
40459718156042188666308040550111865811376939639972151983232903415963063117852394522560
166906264210454668221775094951541260338331592957533355592568121730980052169886602877318572992921939
52421353837416999396853096780831022126154759999113520048837187236279242215206734163885556243835604154160514669719064333272965791827405426715
13191592609943600503738523650744856555821
7057141232761253608341784209976221543414843645178835570081446285096966050006
2666020637670677316766527292193200501989130895483166753148874242497628277136232182967081017733823258
56302233795515498246390478138392879401075854186537424563456222336767916518303899394309039417669754301117397550
-204806505913165466353396884780
-71298915185304249651685897340856912121419441110994103873062248972276702190105988216586144787054250830254778476906819062359511574148179743699536741162192
304597038613748209716449211763043621780301625675067328801679149735721012764166571193976353013657210202694911082270283843398
1571921333773835535043472981523096118617302950154765721678976715642098664257177308428510150415907835397412905732641601991053
55938680287718815466825692743777637978856
16662327298214593319762546540667764409564686708548337586869468478745228448536000652536613255526005
6848627957051347062956877225388197471148359000990773418685970318386631280844593463563488751215638
-630812923565768242038524084216942355812186323
4999809200951960707217186336071001736836940044788140763180639423220938042702810564024281269822869229665562235014518877371245284563828133560103478055790
-3853277896717837029619926920755
0
-90517517011179997676793442979530157191600726661567627849349646
60171890514359479785278280521
129392456924603924448123877250980734559865258045341699567695504910303
-116775844581196316550817340
-867324590240239860956896604523638086995336409321604504951
5096392516991872400364245472999967824862053897951960582407402897915321252623621835424
36611504678884454258743479092246493282441653487790507417331533749887945702997733
-65649758469387492615847590344679434829636949735677816674792550376503942459747483439484212856
-4373278817191169524635693682699323601536294022703232182548994234898939542165857611878827668721312668430793030617088381429747130897308195290416
-253943453577912455733934098780665426480654260614111518208679079610303008973
6894499565745443312949189128292854201157211793657244161914063627655312747890616312212068395667
232759621013888937610996756760826210512291850216281443125507462085270834349889523075624797095
2252474043757067370150639562452200512878422317237708838000994264859272710510508942696100206397529971343005257226564934445007691696629889960193266891356280570880
97612155227730452568830823483559535977416539247534347369115828273365
2855671226877717816531408926744358353068857621643351632
4688633119444556040506168793315898088348653535241790849100254381116528672
514246584431519802814717107406269970708060847113744811231976454026059737214498853596460799385656386710766261928105469886579790052441667571649099900
1354674007921490800862190151385907794381318326325627727258279675833011494307881230792108708726636467186333010012104420191478
-416097795456698542907905214321182610758915905510848463311088856512410479662359656522458980643504554068212529082488153564326113564640
123234548074
-388314448002985680629645
66025356587513130527
-9078960749663866932140902864855776754135215295976020265118379063068866494195263069566715160275035706
33457615076475381556255056332502488980105590369118387797640000
-887607134365238248731185490583604998905035004128710500784326426030034893674499193260111021628866327
408143835353748576945986585913750828234611739586182134503220775658343915648771854550
5680881928311357710039970546068364584762402477318014346955961123053161841612163796835733060415499081610833425170
-18561360709293964826507744719133725755800232057832411478007724155176473933007367640491028294518011003623195404783919864019086819737509968263965962461782814
4553687355574982811924424249920453138646617047389608555979379194643763249049722484585
-327125255902643101548250355340661335424140237548681381617462628836885585306243154407044334658365813364731190986401807206358399399770892127744071511681562786137302
-374366963836866245537469114975849296489932247664719275597679858568796934463548
26441371054562734285760067687797014118860
783237084
14641093455984291405808615138621199581021338351609120578564062002715023
-161574224315519598641802278346850382636612653738495846413514077566864018667704660921623520523802278
916951933566587559513020749631856280
53596199221561038527409094149657484298102822681972613860798421007579
-1372390633720144945031767146349579205872
3084606982151605280041102318406296833593054622899685176037438380269544584350812470340457709066574841069461088
-412318197716872252600741781656373067010494822416913056072089862488891753686864391834093027614
4412860987317449365814882564805498046353323261989715543777348634736720648501258435237174069317222399562468165421424709886981920183962365898
6778694481344186748056297908222061294968724303026368464206796
-48806984611601407904451110380431318737834728403617516739888
223445970588326405236806706291403920328864536022639177237525436613083277915842786447339
-4993221079753007278185325593205509811199981432554145
-302837914088474147594212232850817298359283425488826572049928605401481955902991501456776219584970393579446704020241070992101519335298862913945930
5189178407150834667414993490682471124198600498074907286621737595680
-25220774973782172368264032780974655635645196174117983
-66795971977017038078180925378238372221574572776992489517697
-16318669123489200142309610445312338176600618847271150882949069496665983245929681244840520391
-38406869475221415086830871193387091576051501463412581904444965258808004113882916854354939749650300801871001290516562485894549736682488367002619456697940511552080821
-8064595946356960454875698743135577743969068721443189469070550477664755384945554694392931467017814828
576258102147737987177346488437863381718296015698702304836075840
-286912099844030422415610095860934696584051203145508109
27825990579491379828143766201263996280695940762023086936
9471072584661341006103952675600882444906645335902002
-8774938628588035381493218978979665949539317346302162220118742263189560
1226760368982346836274882178424924620965
-806147717047348631620247
-700673913798561204133055531763704069963024943568191501884012753370055094467566853923368580581072119984431728969358273098959383
-221751062204194306292596976984437917764117023170667694049837937758285375811328445756316809046
669086430922845857116551716719948164423835788923873287085535238
28494637615938355780789237548635934397109385876193602988297076130468989258575739924433176199948660574218983168423772442150045711034895022327739872632
-1888549727599337482361860923856971832542793229878
84197191918518747979103319005328489700610694700956152793
4897815167098299399534781409488911926004864336254544998672039350342385972035051661451006018809855934315348786200051875700953668
95716406006852390077379666609549883174642151694785605958907585813423
149259203321306477701582203634654804958284475589694815748019476699468337775977805280831728157014503
-49641613517055175472495997524153095617379
773605753593149013747909397914560205176696919475583454407827741465412460667985906359016164076478816
68422797909848881834864433988194676113291791
604805073576906563273936123336255953626893141899659428106529504579261908801776360060178071445446746200591837090868880276953181080904552460274955164278015268342674827286571321397542950
-191426169375079754223413236674491716288538350863687886853590031582368574833997403233125656411231329478145460652812026130234435410843205343741705
21479467476857635925386183255652566855638931308693
3418075309467082229685582085706079856508799136762428935184470
-3567582019032409014051953434783011025461847573458883216509905213158813626590539610335381612093
1041901379273630403392173150123275502439315822037327601384375889746
907817144983802582044669175372541943806978764981488563375056719657048363119971012395930355237269947895326477051506302504809604062487
59288758815757883946469617617887379907384447342990932446055915466590133665737882253255541
14988979685532147722996830576052000
9052786420183616622830650412810957617542537873412189383421769835642851799492952945473934930326751026
-44316833570168568565178416661855725787922547825242648067199370404344668484127842618915845722317
3225380460086427029273675836476951915767789772717153877330784348853563381608796300
-60283878296255477753722621645842107633916451625216259849699571764923395226420446146467906
-5426184636647343606696148243250547151272636215998181551384138914190654852156071062222612509646097046676751211932275412469426632
215032135694812327606402835847350731120650238633314484916886395381917268307459715401218193150287173613641937610
325613746920949469913035612543455221250629798588464263025031717732519942443984805852184828491505
-914098527294442817001935796132501031741793127123008360649423671711339452821375
3805796478986399996207075763573095822519210673589275233977540046091111143495387958264628471423689786
-48145850107213408175704768169337705783643170423546791171077869588466044844
7476238123994893972499832810083106
76473530483949867120833973699547610305633153798742686663256180565826546168927143955221700261855260
247163892491222264283488336202926114715713867033184344122432763233576152048503628537496757053033766764732079633377688350244078662
-1646497287817129448136800635403630278401594221098807728
711926690300781
7105237646731386437678171194235222426992484467509995651155734327127698242090755846538924408223940432246334170549763510418484482554105252951436503893009
-84041909183238742928790292
32231630820815485982880702603564360028
2689171108446422029814141673749
-101420925301593398307504387652894631200940603890016808268825703105
-3230939891920231711141097876092122244627286993462479529824854392970927022020135970754084442157082040
955210037546238964539189666543203845477836256317431163191952322551608
5555890094622092416091564767635668066229589394452353356315663478829343406035157891008950928332
-438127
3139252309249764358938158379922148295389123696732149244634328627708433553
61091849503549087176089691936520876668365103485838203482304197784537746136272170093
612075928939402561258224813773149123926557437906303329955688370917830050192077153184225500311387675
-245798618561759603275332660976439615154715185136525450216989946781295
576084480730042251737127363571145167338687627376842922667296415189860198630863037441430356745310
2232044574159126646449725936869252850536857877679097978657703044100326745510287
143134159677664223830251773963301729527632357719319609200131256483930636785466635205
92476954004737981101550623990163513840482483070072059374029762223090775285651803624756866466966006962740704583977351152264646142570961365571084827184271436
-97980322306409155469076466
-2174282372141019695033670555907557203371820104852399753340920799901853377923570411301974
69836713449660417757715511863630839851757467454949273736967531791315053962689034298789961126434664380958
174601969617869657948261077587804641905042464324628393171342395183673430880699013967718185614974626772965668972324889977403046250
494173977635570853363970105659810505655782513967380860372202113386106709293792783
26135721334054472837285178804744697705312701124626305034739111266
-16891254148039099373463157828277926576062722346764028209865678592557690285022671958777750188516240076
8993942569169731523056866
358049580541615367060530841608555012987891924635
15741043183553126344331568168137254720892607353362995489293472618071330108624430691760941500454379960381315928202239132061774067869021109191213570591771196566092690
9410408580610697629131625735456550460332952399043696591271418809657378063230482432371
850312589229507794725740382356636895177453222020474805647799132364934683825430296016195003651119218064609843884
-843522188127113769849922009708015733485052283604310060375404512965951791008787633158083130983
-8782099355548351706699561801028300418094787471556438071132218086160259434
6236998862843390388792848886986889933555552890765152947419887863657340297242908641984529106471406
2657989614113390360452718877539382844872395638961034463580255595837114009410868964347328947131119
-180803792306864
-6347278456721534781187030163688320134650583065157973297128304201594137633993111220209943
-1124887281063849201513230105533309493552225987551459941960721137526385890415709732295784265159223
12410818392910295198415400542734579822323642519385453532159937392828555610556
9434152146001104785154544942639263571307841370840
197817743673895031459519440229845039407040161710680083157322502919756
-39284631027770814094926797572849566255545332062942287459155655300808631
577852994242518203296589808791797131149072004204247133725616652989069891227533577905985202514502227
7515271781237143379593040507
990653167515712749088682356544278710054364612920945953441074
-77995423487377710392727483237594258768046322727180139880436534194
-726105936970376580818598963226403709902081229844167756642010857982317278324465730043857151
750383999523556785831556988599752546903646588342822249831906800962
-417066818344241484529400487700910445233250574030344319972064634221199529846
-677037779321999834446284565203941558125207835961803734900081987279488868772043885970409
218446851917319508292168153528169112057603845997643831109052228201799634016240792913587699594564822106897024613899249967070667321171721344617322125932
-39069588393994899606036691023106092816285782663703530940045894839248410564962445147359132208
-6610196441014183056138034672305351827560163020484394925560351665099004986826589255002807621425254019453687674895087514046924515544539444
-1847729769918374505964041422113389192891185267594489201357292862479724967511000937059758949887056632335244424831479059085987798654539913865875139419503883
556861010326068131719675277228171198835497823162173676965635352204661
-281903895921972723164294461426945925242289537051724783235643704896
-145428647638580361999471087607480439475383613474060723714233818070107796407529489606116824019896831685175758810260794244356829748131091519251933763233258533341434771372
-7325018094944759374003955999116487514821400042823825210934191182076
-6245429229899682051890090954139806852833827741550113591241609851537397700
842637009454469378226136867768
956220361259647044
-25028677028159365573955036167663908071315565430639505931405111266883010420014
6842900802076517030320253708789771500252341591972238408665735522266486983652688
-78492278683893894198224192390191713554426170001887066749551169466519901949171937928769575
-4538038680313332575858026740252116013680012700756811250510204015151377262628694980293434
-65563299404364388263685069754096
45751862837403833609175524401805242624296755470492389941027511526185571604987008949120
932791595882334856663838993882765471673656659020423616306
-316342380005713534118943872777172666880333678691926363376428157380012748945055653274597395515371
463415004827811433840592754937167000261537756945054712242099545883
-9497060684136126164109487739851827774985703086043777551112177041581019362091704164743169065258194866016972659382120931277377376194938832329006712839859635
-4111146881517871572248651692255315597576806996205879623957065478687227579424074190045838297292620990525564961552
5576731292848900388676372497470884887449731619728225162867161
520028875939061098074115667000731
-80288231250459346273750782022373049343388668446518192892239250092166497482558918077
-7795382735027410222399501609821833709560451239
8791143119272772911969244718989025368809195699215632955475788726019
-6632991504674795817422090661119029260872839606811396383862034603580410272
-504337710833544197754312330381946823779
965269965673138581254847919028521243430660654561982454949119696260215855421018175380105
-7557911449665106813269780921580265648420378873882794906556052
-653316203981285454527637444779928204459420396888490800532468135277291805653901076763187398810805525965488908122584662736587935675784551394192633489482931518188
9501022440056951969261983503900727165127449494986976661173529106752104
11920398809830949713544963743317670760632034803322528934357267462135612027125810162131
-19796800541718520616776173394733703198250914966073701326920736659635444347477661167256
-50507172535179155374990196263216692549882573809291811352446735605295914316
-5934122622129009684467166296566539576407083624670580374347932333574655914442033081
9407036982992020141061092500446476048985496511387928990953600709383592576557209499880035901
-7095589048627040499699654995253339948331663046779169173542547566969103357968446098056966499164700255622080
-2417386099578776493882318761661977914557256028453466540307309301984160713009078949263820
-7813284317749317306474158508352464
-4129153204218227559157983410427428587175192987446777065941811186495227406437419600254118930
-36150140098433843129363491447878772044298021816
-90941012445559810714736017063996767072929771905028148601350590902288833467087690179
-2394913164520605149862020472292427026986263921993838702920828509881016757303000304103949677120973143312549201715845438158197821696
11893671130687846309390071584189120506803680664521476413823785303359192291491685373747187678881087411051740729752033963103662817188650030727844433832675396614551707695
-313883866878602968850767684800161299779312557930733817893661845425046449201972429537885873372490074
384168336065010913946686229440986363294320521073114876436190192239358515273591916014070723899772
-85234082733331347445987907007935838110975258691
-664596327659556291699513953907334272355675509353458
4774416934963468862366383240542853318811616584743982074358507375855631833363266085945432409184829234355
26716062359005803286220841792226844302806932546925966336713947449167371421813069092275784391523238641401981163535729887458709596447321472740593239
286750212541917457650585726687366725216938274066993254923192233717799129709341732
-18040750961762030010180836133639477712282199784687899703627913557657562107494197
583152233245683305924717502801382969303807666651253
36583349111555581705955523792871034799258991634
4844928004067847672526210234046698096378314661085506717726312237736686127636
-71333875040613282928306082292590022684572740184347056929649
4414094216103050921365089118862437624184837961367883424151923441005655264945961239
-20931043994966198181211887791269065480867722174327974299990568710933970611310182941907300476173916186842196327648136606113361580189605608992588
599321134767880994155293232762342499415459456745860248190533847795734294
937538853325397740186892679
200381413383885920427609358075630728859967787120114689622392643780997565834440
-154081067993692650060185939903606186113765797031102409930784843773720095967433612
2506909191434469506215068244680144403982018356311138862053350362328853599319464490036550
74671384673591749183414286000932106537294099414937279805830972035291018920908064708011927
1604874827837927337079616754001480297916854817908532558101704999274
289632435053959630281785917592199483426448052352214163741015073966015589862444391757449504869
7456855881551177463695666589911824299542253944604063316933069730731079914237573521817755926153546873301782838
-621896576852155544342714993864907635834798781982678531688572405606700
8058419055511864939009576418528288009159512399891123970414159
67393740393702893068812773794379577791110637612881200239237977224958874083
-341617150652828648512014098896231256033859016605512119399427616172037
66515861232125676522839919144442417724565339504204436475380804589745103626758262095763734
5637463171637488862006411611176545610932142485255638
-4046922123335251906411621120148069283010759444087198
5481669083569262413304767190302610874033486723755451205926341970432017876580859941934368595
65237469937852249715812396212390395417038178819205868875782018116617578628526910815426916783627485
56734364758526501306682542143337818188137317170032240213235363793985419
88627140521572836605668138874749613639848063414722208725956628789087394
-51310376528782654508897989750798960253788089506066136
66198170303239474742915540317630860071308647020835688393596480850538330866813676659402184746860740667374685670586146445940
1645729884115304426130419306596532422711787081374248850089254644824866
1854449685540549534495601686550991930089451470975213199527564623208629189159
49481454756193012157574235971172035562762827030170247609924
905164878373280185616350086548972076178167188579167271754111715372998845021792574206567527445
41874143945542932569129695352340851348642579698087453936490240650703827915
64505601400121985478357671603708106646680520217817018128506279676315357026196040172985112417466
3436473510104680264183920903245995276828727269653172041171372578231566598070814993726072389138198123198
-3266376429144271175129245897514720271055392623468869103534034772581498994289063953879420278592698542125379986765415862940018499310189986945781326628298560
6582811305297073897914
27430027470492669155135418747155230298031241656230314424762452404322610073192072999147424469462032712838612153515372323650024
-87201333649643411
4343509722009530925613890362494912832714111191229672862779191
41222343802064979399144990779349273532234725971661501161627373779196330754566513162
4537772662519407531553277133409844535093
45749659282718593654435891090930542630233002262646661928407836564822619644
872362904361231721704867790251448403529526710585657655065877754481449102
-88428599733134114381777986649572660387293805009026646131201683635213971478996410
948287290304390216966775438890924098559652230
-114699335045910031429086444495747777105688160210702569154
9831837677921907210227731195890830447205266635065948634232381
78491906051068296024036684952727468264330258095393108778709551243224922
-9755346698948794517486468351504802187104386454
-11463512808863135932761327513086096838635431135269564935035835471756737059034014856588124335457723513437846284756619574577142267537227916359273530584263646725885481230
3565683234768287109761597894291867552010140164156
1697097643543043195917044040950558558
788286677693139772106589911394170908241822305485139276698927250823357601531426846420839859866526708
-810469362145703259773593854054645792841949794164552938317607
-1676399338795582460760570052530522075548873333817768340754977832275317818380958470616311733590044510897026816965620447767862
-6644223309006265776510787126661993015051907261145801789687970790751715727
8296020601118413033105440578469311968373080885306183120068558049
74201718931329915
-5219585554493841300685451919605392551203878612507388098590995
-88749527791607791652666863636643305415144585866102865716453626936930526579698674284010424967422
42138567075576468603840372756525930292201883488232248
-24946557466374851303918242310424837939675849308693210243618679210668105671120203493020770298559775111550143442714590950710791046269174120161187284819
17733692650735189688555613555763668797207872956930
777277924551755539169299065027548137069574646281370
-7840213356141448153077189846582537959565405970179403050394183996431788616736
356509760845853995244110099746743693688820357876697420611494982678790028514222961363618077586312525141641769280
55739267192252522818109306555748293235745601984584126661417777871772591931054526546086156148961
2292133715327658709887173440190935332239695692339
273601478403541781545709311253612867456145911515589503469462695976884883906545950678576
-818035255005777230313536486997591416094563171185270964713135205146332937320
170608059743948061673495467338808236530280433680828632188055391191195623153791438703932334271243800226851335315098601553802389
25141348768638415718480896943163670716236787435164585797409507432689364
-75216528132819570231646149685735920162212036934952602038004881299707
301765821168800973769472464473771526036778195626979392666746328410369909941201322
70489986626491569157100109698069553509
-29304064247646844079905888581771396032333260618677978321835756676203927394147069909782910893763178127813583045244191393520
9661044403159638562495642991825501316606753356944913038028541961624581048035505755911109027845763898898715788875
-2064553551444606924065304723084720992524660336580021750881859464358752307841882546988307803860444674295416820620500437716468446476130055268
1604741993971867080052329413338840235657589462577537438
-41851144624279335571855633580692113369570015449388966351047836283340835990
9806396036163242817798914704769473545193805567462386063509465594000215710965095
-789140811286126181189679924649569677535967377
-10777603264195062404070698623851369128737392314003737531575640472485684213943308752365753126
-8056736086085685466693596121320903395315655
-259522657534912676435935182314156447153931822861908920358554155715373318685310290756200362567
2789105278803827708216015460348153493276513782843152097516056172
-111625009914850786
8834008207711271142379860913990727347138303850053714473717620213794492647639140857539358464
-52391954629034675531000285223864292549610733326472453197921095464727039616250759994778290827392546
-379868814708982976446480045499907767639890578827853334489376737408881360739692768876485924112
69355007048806163821
-482205558929754626353352194739171069112308734896610842231533686108618040
-5088926349083777730998560606091568722502959958948696953938935598
41584222798076058014581849291220579057358421712900130943654243239372815005912607
-328129626094625729018747601273424280187189303164350032864922095795317000449211355438926828
27951017099788510552992531697272143339091106431643961410863962853135495815200
-8949740440047919255259423213615353676486870246008506709654165376558566593957017684911007913556853584559197640736
91728423577330428357815216776658640915199784724167055901264223
-1413590012256165667
-22966509231902955787617201377101497651539930309125175540182451670846591973570590743187355742473706010
-58133497472550626668366348967531398308009984311753612162417111981052
4800547457394445510077910770018789428808521523839761326247096126384228908599265341622475210642979
-72387873202269051272395238617949703966590654679695105788485363692393627703559551086359351567362231713993184204194341818852218121796493270119184
4729093027904855213848773933944294853658342234617007317055865606402162236
-9272370475601887312058364508207517141223086179492463199035225459
-26337651606730496621975276013083771843439638414882352375807046081634026457
449153166001652753176826063954160588635104208267901023089829856198154440835486194
69044813
-7955813544380009795977368366403412560571090669678595079386487888987186957948578324962293611905250203224675
-74324934791435735664435402957009696226451215781844299530406798173800362808
486443243912509693920901827727964735661724443608411776660565965390309696833185593938657135860291771
97576125107140183187267156913058956783780108810115608276250209286699878038868419238448933355
189211960524716417573115082737471519312484993963
-80476081091194988260989391322794788432090196683329772238367377779709952026881942593146318840586523
52723726364597835639639104760885144196824008380551575961610062002319456398659217859414117762
-681213379858598458050
-7264469228292306540856015113364659731211286177651897211384267034
5772813391924872026850493025370148631152
4380203150756631683952273754682054875137998451727369824546
91524254192172184173144125797526959824654662298621532514990134397200
-12640200417069732693589555491119933760
-32590572348901078153743886880626522592773074255540077240642684278762318047389681195018881135905129279007185738480
1750489503918280423241466724840507841917733083279
-18584647
859542536409387445091490836503138753277261828816899057393404981950060863386247572609642415802662413
827096466613246944294579456410804582383231054614521980204325933006098370313939980063848749026335
-1855959399523789044184137277834500800921223120758856119872747907944414826255107309068447629670104515585158825659980236547672334465348669405524104
1959646164004853925921879232688669428228310308626366293452621411279692373962904413742408488
104327758032894323013543528831930638824241971848314419909629484624655985444932047232232355010179065031073675218593243677866090641113434
443982234474512950
-16417
-369279906040625659157353175951718792866676611435684101021195068471011975965670464472321022909161822621693720383073752719463552233293996
-81313030422530083666243598869001655027
-2840832557817002220516332534801938
25689040562203651240316760103440706119607281254520
-63439289945002611461557478738911293128515607378113626
9510962382462633831802
-660724894056308370198264234471214976831
-31968358956247619475240659516512468726112329693596602572179134870800300031766203001764427569128853614427799883203459445854704538124978929309806192015708083
3107005379783005441592694470200985198733209469449
11111680880865489898460058389038721425923252853642256513567303768041612416408102776528226970697907728760275484848438874646626224932
-2322149581142744679207750777272530682045496756
-2966395955986984546225499587856088090165541975859426828830427616804409956761
-68757812441765307146952818678265911632344981527467732558942269458890776341519536286825
7039100831828955182616917724880272732843281318157408431430
-194436891682494402025873066579901949388858282790937211794251230877
-4605854467846768335512213773972932462783882137143
22426584579355075987689539543173589660600769941116463665947347606
-46325201166249669103764086461635987046391137924164901629828663483262592096163507878699398661592202866255251763
31039819651065500681944351
247480316210472464742672634056324590972710988793561440714043534046989551931490
9797183616162656539681705473394233452539624578039820
-5104076879315319617816397733800717900573741470624031392749475180544058849090671
-1316101049683249023481567449475772488778010270350295204468338323472097372047931952
-30205446073915570755484484427644753356993981066183585749985826964416934349923623530
23760736677681759649873723911714368857636228005930516994453288046015118654990312875096416
6596176137558232082854248079613340531773816527549348180240378787163637319659464201622608819
955916367892758477585866643458389728242560632507858574498981688607706888811146
-2529339235207234373386383997958364524146646306104537117569047620519233402204571892735
-221017761553983430773408479872724411908689549939106844824391369658476244154909612
-149365765532133942383949720903135348035184989448350109716779373669681588110034331401363969644294925423672147617494403030981882014743028399134079960035058
392749724779824837197812458730111457062448172068351254093750
92454272430840285946704325695859616783043978935307801289404165196
613788319872436486403853852977026161020190622397973620264366829681722523852485282508159359079707323793299195580583104017188
-15567286948515628788846375728150003084751128193191289167095138939
-413068998734824533369037758346838991899726286598945596225434983734991859070200890
-2259816455900364329285643905417286639138905622284689600675023320498832760
5947690682761110933921309766048363316165764642530047406738096107366781704345919875146368
469352414304019501901314600652
-620678382917395066085043119238425825311765889124376273069
-27247745918233767677007947565119421286777440697329744622818152757012152171316196544
9036374170659519249338241475168845054573
-95568518625591366985603979044527948828602229253764518606403937143969896420530501476734149678003
-423422438768704872049203645312644631519466757266343049409607060544950861727477410415898
-611608500719011391095177680800116344557015307019013184
558547093917879815244306347461651690536659940437561823848915747390102066205132705809
56984604356402301053684543388949723941681957417488765288719580359902230583736708188
38596512564660142224715782311158897288241136124512651014892623188452819509764500512735228414653002830645266172061842017162702102298021499785281446575766506698383659156839
-9999103990259992262685217978633328595259531172893181991016
335164149347059712243556927393723804145259331392873445178763833373715394274258352370
3274692313503721990868839304917349194913244346576788115323029026141830698085819390566061918215237601646931147234875861064955
-21495493554789394511820147919775523681065917659948947705145721469549627508500
4079120292713085
5443290375290251534627594228322267629342999267075730883976384106094798751753040184587906311707513371
-4159034400644274131873226699391832682195260660497226915650984225365887414824439
662314814980461041279114901324297236452867196430545853086346523306822772700
25113619297642028061159230695697585608068331609446990498
2725150891054783822719568
73272135373997701036975031548107823974109206479526704001379662623470454052281685732824864731200711907063112444406617149828802760902137962185692695904109595639450
129801159601200788650948610465768978824092537636947445754225578142250928220442875055635595162602202602361731158302317742920044062518315760685
-697138513842989757058953000591114045027002031148916683266175338926
57020902208024206270574587749010738468721329420587963634278835151263592297526664
1806814360571144588168630848101251486297840592777144181543810198162225973874848
962717286762235451478136168688897793623328770113764197969078169961996625077050161852860
927969566266206645225
6205348705693414270965069880229690856514729973466456
-465017205556148772274589160638125371573460015615338105527275004415698803182
7853494951197323294463818205539
35778817394538434882793816828043691955923335497103880822923037514238248342106320560623
-6515538218749019590416798738738940876217948385068288978663
-309506733781544405374414534704496036157649012938693145286566870920540446753474673704
-509958300229075540995376402538686132325722825032355747126597340396358568020151788526355
24774967003791570367791148624436694336420910772893969052092210020435746022822472408268012035905429
-106364363767491941377858231881637865150240970938480951721823093588811925933214254143526708104999019828633299352
6425465898965164754891418467327987611461781929724564922318168009215008141371078221588683223299066
-77646658606339574767170730097568457871188418434802573260632417
-896806066015447274694539446801897355958682008429459761295294319854693710696572911887
26946022469663071633193752350808347112154458464
-53698820917009251564874262075247880715396300777793862623035032575579328055680859
5499833094417032957968408087356344944374989925638034887588217681546469923972671613102216
-777262434426512456722916036400948981730485682221672106901191275041428553143208578397288418566
-80965246553568220137815421287330523571400987311294515843095126149319374086517987728978129106598442
-82360009059962894704
74250615265300750707184820573922516302184706022534635857108243690270191831360524618458526086136975628752870401675329675890780656724491219080
-64668968831322189682435071752464916042593696710304311978166018687921095442721239219583931556818
-2974282509910807734335090051093513690519156662196102952
-9958263992074474610940907202059509318216078390
4635118717567763612347306713317596665740476827652549650852396814845903
71513292388029206980740331563555269674693869709524327023141219647183
3594504910221415878756011414407164928826443945866380360778673688051816744001236869994951448357
784994938387325761703239688371316180579076906911559561238834516764128269
-3970205820991779298992599818809575754871440248453918121484644479354107125662868193485098231809092020832266309886
-67006966097555171515432195814956906278071549757620412
6484785507083255687687090034333481189301452078199456035610119932007083159512631
-79708426280496186860641476838223118880843650000570056751403050390209605329746315562214128703986
404050938933
18561878354466498453192890473161897473506190187108959139973623506837817196574669085737897115400783398044512184987212472560444317599532807711431306847194421021040322548780
535680214789472528234766065038940329198678511112988035398082250245571255326951826907823436980292788
-30664415812034199689417424546124613309218733148444372979363788
1025008919744506225687383773815102739565340329464268601076077287
16748536661376116804420956510017804556054114065145447670933206615802229913915762961713559214178710
-11438244
-529666975682667769654011736489358465584155439556666919195925414438325
57839408972943211
-37807901906261424361121439058789844777610300006851207570060914885425584531090725416146580798
2712922591960489036152051076349249486888617
98328403007607443979626923691813278669016009986749054582118273408969875277198605769604577392535
2969685105230831954000118117709777542239181397075747933826134689762917787867714224585910995787985655093784840802876215353357964066195816
-36609459067039218282785587750519572952498802721683614584983549314691356772482788651606155767833472951495909233261207999780673700
-28092421699227113673231374098833599187922902267483225797588
-724671410773762623150
20552635239460178342098708024641170588105142875351
-23814547948499187773756689924420957285629206531776754246889
-3629453214297470874290858504349408030354048932518370336612425984318819698071162638
-1750011285175254681801633344959803419096610513571747360370945886025402568621253653663728421780849494911957090
69689958386508260900752800570283361878661398675303
394207512192274737656787801804549984234522869928188665492278036398368103292736256589608289647123401751061052883250989384052004471861377278772439883711
232843221804223028022796749331360869257146463273548885658371522874857375427019772876137346024581199581696
4616838468665454945602928044857547182951170353488760671538226403923517574654774344620822818132966183605367981886594463676814
58104676565318406360337020980723351307055182483602034539992327111306737910368531656528
1179981733459683465205359907161830686091265663850458790417639373
1798447386211679248662332032287959094786497261281567162524839398
-3134063864980177743008869894845384715339154680952931962240911214702761688711079644800971312
314400231834537268769858177307432944250748270444672031867266979561093236118273620631649067
31891595951718390834252679565078304697655732336935432716699802725337
-4795889939147152407998702586106013812500746560220535704955430434351806640049574498979366
565835046639866282107452786364146909648213467094706344709582747505725976905692963669858974929
83813708407353688428409051233656932161113114998160581872138772629668069062429784
66125410148399124057778651020039653737795113363993009588708621770722581364924708669669400625335756
-487851770759347692704646806699388921041744069588645604779107823207166431632250207606516535474564
-16905622968970734189458022860299116591535871303899934587456465986794056246582798888717284623904172446111900034732203932649234626065717422224045810721122546467851399690
4709984384793329281622068845738480750820920429
-94637391516234547967686681722479496115801625095346710454875754947385300105186018126676180987774593077845497041
93607997013321050390164051280168126382386864400819790891399947348924659028167540310036942
1080666951071781903976891306748310721535256867279194548973727419392031061028430615408769583121971739431286707376160830426685094170880800334829726716232684808011937926876319167533953763925
12821485891127661842464993933909229698514490691761397952034316915489187447076072880380900200603021197
82200369874075285725918452994401186777068692819067253741
-273050251246553093516709115625883590118259273915041626628822281031988294721550
-24830939867536350990216702769576577830535781247208018586371376467107865781094173599874943855581822233766936126975978305233187692936120204423259731360626688907739130720930
-718674932359163873372092964654764572138619132724277052455538612569
-153768814808445124736867305050490190165221314071459624877012512283946049602092570844149224668664231077773198461670723568834436210868407393893295595613921631307601871796651901554282150781495898907741
19842489346674981516798653185517656017608077583160803874413867138943581771008040499316178623811357443158060334704
-6731218348789187804177391115605192823608434002975932140631230009373372715084700837943773983547428785770470099135382378
84729544359508761304093308490097821716023606386304238924696045803929551705
-5740992
3563009843193990885298123521424308378643828178466674753257203171983437519136966730860
-517711698285304224812442499463585705769241941224759845490288895552724202746493945365879033615367575441192838904809138929955420592
13443505012627592995156071878813842773786497623953058629837152349521312958735
615895670369595412688443037493062206767335739884331611345403644370322543588211
427074221018
758548289048347760026519444807744056708908002386234437637623431315678139996254975717102238
-73035085387968722764372325523901224590394225287357848687371982668491353
3032110283679168069888821783295857094026016962904000211171572308158554117504038673039406335757032186802946164265892
-61214929482664399280825170308998088150292361845957196940581221044309090980296583651246
-852016111547949968288355745565465089592346492215812492978187224272092881627524025
68273818841423992982831818988248603727759952
-6160987487150309324574209784054052104417947211941
-47129019844699439025717596827387235288377054548905737066705004740918280
-94868179474051786157141402654549776567356342079537855405099889652905459851112
105601926699557574943778596455743840087164534356954058359398207369929537723866674706
3326891631949426184196606203706243870735389465744562
9542760477909654629560653972496359392267299772232191868235541
8005336229673513821071688317757940574655758922584701477904742082087008392094389606181
30328425330372186683042913377785587298810444631
-928415508077114720609792138884097920856996
-651428336107881995231741422941842194891218085943714449137509635377159031530608925897780841396
628901165179698259234219922544480654207960345563981201339663537132099832932525861455149530291024506836324799399830
1625968671926205174528999874129260642409902534538296996318410871669768343654620642910747282025146473859872657252085030594800154615826162834625417431203482049764478248225161840
-3409844419911306264788688223903338128665664149218698236533489920014594302642413211784763430316243954084001104572360
-73475773622900229314462082541663926858080630168295330548852169507182096037084002464867010003314503986206300183974754421296464437461158007646123327435136827803332
-84073547589188915698889674499779146477907540273809436510054456551587347263217238695729510096
-58972488674540060963396183058086327320874383366651504612435385290126022388190
511185402449535868956273099307468052414337879734816545
-7574008317168127184301582175393139934813305130876411851610404265262548671823555035303935463
6528713296997026063739207749717514453156662369109878296773809
-796268932562424076108240450834557173963870431545993013885060434223997770239588170524177014
-562367297936021696003441847164918794770490926162575660151730898524219398747813988633670388533882247617543917351184633773
997257028098536235589845369470806927823533572170482
24432321685147886782168194069399342867587043531377411522514154317714917958144388848633223819339789610159563691679282
2748631656802308994616701996102440278585430773408
-3116602301920227623620061029799874455831465666963918137128085568262428834648050893
5884384896026745661327646989725112819040005056535765385490423324751632640733026673114530
120888027734573136306325622560087044449001956635399810007336028880102929842499922764448612835415
4616184202352951795228879653288507226830072
410933979947883461013250391963184455135271953843951655
-2265601680644387106860295306029499496858956852297976298410690498521448247456189452604948473875
6671972668256164552635530220250732587029776087103943265642
5000244006543446996924648466246750944650999205330392694032947679239715148229369053394142
-18973328675302118339269907179113296572980024978340496
8551004093121128773746790111204478563248784180689628756903754717
4981734241712244556448224614322308280253694085088645900307714966132
-232923734625025679155307046299096913301010761665773194679733749764156895648041082662631361289968207126053674501420354783163060777
-2263891924932832761232640
35023792795627253678142460974221846805409040375886771909375452490
-715785622800312270349718406610443400473715704751650504
-406044999363247061271946223798397076211669397466324186720584981398128592532451635554
8554995974749748603544211328331932550604248538105401408067089860458
146591614548302386524439756792267272994815856644422169041418695703090655
4364762605031044512298790110621272321860884086
-96991723747251862229615322587884301241057120246258
-3675014933293894467955436311263259137801499811147036018043404387330650799669965246354980454
-1508321879647071637665864929561715534314286223719679321000352
3372323623921009764182802956384874530619981838
-263388893604014578985943923240206120150142761443818652887192
3478407355974762744102821334289740410997217733417826000234
2626912768330165220666094
94667748629091155361845339115658443288485377359255484940221229909434
-100658587090881985160744633536699288152637237260667728920435477109191083081865672788339100775422620829119799649909951678109411526243003823450228891544572664135928328939199860310291683501009425052612
-18102901045864640896772150867628157677050028282093167740965097477927574444199878278971170942232518394453620
574852836434373677801435817607896029654821369891209759215880922469521
6766754540411742885052085877883872832436764367881565132235574304116874101299842412034368972805742877244466020192624372256464
51811135924577476917879765918388281850250929859393350265999863
-42806625919507197365678944003146285324562670033383672798376774752215122547083632863046126587942060744595259768209352364258866
-466165071438417189021184221619956065032732908296360329101731849462035838
-49415819055140577712165440203682153228219757607162981621413079374536604286929656923899996714006743558611835173530183423755755354840602720331871760813061832386442475960974847975238
355303281745957110072053494147139388983283656083216497272899972196408753448
526593893992473756876197295351996000091594587060895106910033175024029344294533773160560288594942
1067271035510885704752817810410152161259102076645231418673097332929950239625334877241336044
-2977891080920336669400910046420648056991045944404344034165650518497891360
-6163548264297140722685911829828879773789288941217
19209073214063789862843286398635896489740215493815474580
839134969353187880679401322442150696789871062738475717296432146862810
20919956862477265358527109245475638390108168534580137239229650297519633364050436957366382738083792228517977806896634339075470638858428865516801005533671990338301672382905365337368
6961905915100301969
86717967603501145723307977059167178037543057453737845528
750740886124478051586356252369735659716360552577432763269325550359621342202348721989006844802209
619000285534422865281359086093005485477046557498175751957885160858208030710152572708056432398172375519807216275549371235269373340250
-91163172731121714034986
199730399017971718159093637618396706851815043630792458331351633786536014825781345029796293474175073081270512
43478533261045370079484991570209034661502306901847646128864054375046739479308655589120
-691874475287931864845406927147522892976336657543835117755393956457132
35858542617352535733709390381459295324729488524945153101164477827206713122889199404600584
18755052620731333825345110451495720004985374135666869673143190921363707528081035921116468994060134668031690400513446499216625700144553613149582954048
-76424369085175708215822142021806986108016548357123346685498271085058415266017281641708621147
-313091496434699327757934175807
8027718803415974569208355841514991355005271012
342701204588104194431829573968427095902867327368415105262637100240
8753604109046813032850134281931047963233637207197507325574007
3588395617552229324729415224382520441321644201802631144448627200171402134697221845
6530172962820036687446758270073608525346610662186557763736568137606953979125970
3471285273572591322880351294200924071162565642979992904892021039778301721682323440068323214637544181
34778029383728927675080814536573196797866800612537013385790360923528402953512340924186247866819
19195834895708252735554327070346984218702587064676319221482428893262545659188786612583361236972691452276274002184884927280165532914
1999465758543209413908141264763537921263945768456354286960960912581795541795138778549
-41470998423418093472336248174195466431150978727757723956117236890634177322704864330890335340217684
84617540085211456940847550984548180924599602593166978604416546591177882603755271246098319570
-11259388174228911741742635376732934477385477389594338510350340933770882437137909959111888715536141438057621530569191540723196418091833287841924616470580
-1148030102977591609562516547577329760287679140
-451800962404798384441059215907990596270547
8656009638510545748043657942327417667824645588385739075317211374
-902202100512837624974713612394069861606961281702436076820019964279023799505
7544634098826824120697779480636492313306841863556821604245924994602263623950960918426322891074359782107612404102840860731829560942
31255924497803002461688029347368
941721898078706530101872772156402127325612243566966674369081234128295071737001303012851985724132472
-24733160786129686931840025528085524794523456505115568880698979283
-704885027656501648323120796179104828268203
7555897294536667723460118065148802364654116622503020
-1534567287283847635912596198843873252874601392025243935441613330074606203112645523105122082023847861
-7180447680504869715372908079268997946928120011036944324638517527709308059792879445373
-91803130787627470813422816404753000871399522836427611780827481054094720362705922
-236122896368121353657327122610398321518429472454927116384206589950
-17752372581359425945934956407161374866605654055130454916679651171699628561975
1425233851704468744016808349895993488330675236097229800540381012115170795479480636221505
84890424160803830338051799915584765970709152911300060581640961100
-2980936780461104360157369320793
5371473198837992922342739916908259025
-3225279044561481428477590613827595866152894561056298826347268341483093167783527263705224534700396358
9973265599300172725222821937296526340
519359143824536768337688508461946800522952948292870553955800661
-62409369705308376576817014787718651178090288429283353139186742353867
236088828129652467503746219032857658399280718381207082939960080814643781013325907155690
6118067090941326731985590752074491974563352779758160257002205369126706465004991324243
8356837445465752642171600031754769552846307868919773731480323767310496948016996358272421
28997839511230397413236414398855066529852089912990600451342055815830020059561694250015
-164839715946181128131235659760733629578590987131023067019507034745732061117826265947433191939860500965987088
-457260995025353071324244
505346714469020078396602944958197830770
13532255061475613673215105854146481271675021474616723841847538973357368813350957865378311349
-688983934287820220886688021984655
20898402093513564566231578739039340
-377218120301723547879824576794966616160
871012203098234766001884751795875232892519886262047225011883264506860270553457301351
-3940816841428997744248956561124335281055517994316633146208198788303687858548221999
318723677411042588235102744063891583874312817508165522472
86104712271134853201275375752228725303339995797199171908039495220511876936
781209420488643782353592475431798
-37218846384729773577432313096093878128443574743054
6227916474171353299233360339191650627080944560670374575259583
599770657496662330797158458861834306565459943075128967741295686528827520438466376497308349109
98125519936534588134117384837107333103825239286247316097876691032576122043972252423478592270331
-2241148137654043361294757046562007061868888319319292932142533618331509859492452587960
-16203222396279456371096639395046732116339724137472005384574178671698781526435255303360
-7342237431303108401424686424752935229372797356556164200521286629742397740641339
123050501632358122951766992128422978054712882316624523262587171908094469699377594582605985598334629686229911492399883939760
906435162906597812783278623450660458552844405122546
-49642530193180605802707519831680599644173550828412698799134799912021067122426063239191704928603767705861196150449509281805249672326785954779212078027044571549931853636793685009623008
2668494574078555901491295169108290606646339230685472364971990576570281507965508339602027701435659701848879801691482921663
1598144607000876204406907272958912381232662326338468871811087860252322689874383281
9415842584677217969109426039386584269147780050250756255314220
99204049371559906633683987142713043000154000014665224074059517
-12124790011640814882496032406868004205891182934304503847982026188873871187817423593615080414805168466463972889945116690438424042241718626858451115593525244005343935291700018808896
-48872800086532358870762061451711984655538692559875589185941503805649156445585357335685610223696497960307179466255776512
23067286270211188570960008270884045864970751555452182076870385127343151984153
-28671174469173558931693314446475661616957605515751582167132193393899011985
82947267009075428636241322790296940330524410602961190153640480751
-874574897499039259536387785961677887853646295019766148668204975621133745789952247838396256
59875580111056963088330238759428635176575090789557948
96282301223122808858600858764925349046251338011446475859543892757771726045099611119
452164805447298146241921324705922231126635813
-45681529925928888742594077994862056128313588220559182787302193303299251
4571210603135200445236668023416170885676164502979321183754480162608091828985358662281109077016
-4625147106876625371677464224944800006219221773946507273774010127721018579556790816826781311
-469471940868093017578034134221214918724931712367074973676651174673919169757044830027801642140132066379810787198016650563234073557390622719755420253781562630122457742
783143740177133899421077647428736
869652805615209538422352728038345540408408688000708657786377894245114981784613870985766
291079792336346986971138619664
9014494612729418849739671264900738351362950184464385892293542326554239979225376587238589461925332397
-78888436497714340186191281568825570097547039833155007724282276622098204
8760255764206477983528678716096126702227222176811377879694302317464178591
581035187205
61166952250266841164209543525581259179139968194779551635466662556664821927353846035478167238560
-6272129260394359652233904111982520740440450987192040607047115039618467050386677737414290
-1267994286122222136683461886480202363947221700824998159722292512533112950716307534205667053727
3073058017156191930738595197939470663484863311035002386079058840316849348337862053517457871930584625464799734995008913898
28642951885508050844436394462094287294877172187025852985156569442840238053532552826765453760
817198096880060173072020378634380431740
289145942961623145931545744451725482624678159815402668958610391550312
5231095665178259618508958976200949735777266602007477840805826976893375451691678529173175695921667747773802126441501716923268140891781465655451489820852335759399246
6855142845579657422188627000852248451328252083870701053708443447765818416356
-33733954283911502116153830530595546316184026049232091613018956044647586734180496640020465
753770562281115122720099277981794079704419089847971161750130548163620276930
5215747125449227161409466165824461309910868113424035696
66854851328673105664223039030645309127620778885038725357537188430726835128522133973700
6090287424856036766080707507652011586889505722774636950200282142099585191001191
-16402426153566033272052011975140204241077063749907505717520454189711156557774660208039258841213109308549255674624870538304092929826170709549266186552553042994798
4180047761546810723705454103469312123617653773519464867379923617160465131301197421768253199038
322752526316326532415863188159945183807672003596990540629290785335642681602866852648097377
35329043470985131458035291736615465791102148821799985843287942929210810957346
977355002344105056571569067018778380157045034103918010020014023703341561918
200753240127575009291940874065665478522868795508446929476810756280346989440214159466082375
-80684533940657444067322031269566627675
-609038212368310944233221148222062034073641124791535604580289097626217413632590860018182647995
31626287024770613531247704853562782242016939342608755147339519688537604
511926427294478240699582956677668721185235460561931706472993232967367679295
-7875744846763560608860500951628079206274483113277597925997801513734517241103599610697
20589753158798939367735738094341445966048277181613536590997560176274099577222220376516131128238130245350
-11694601933743
779646197374228089027984441416613
42227451207958716073738472419575192680423354418596786048555059131505839470459824483095
-18228412071513213913765768999024929222640219275010806347450621743382423585056556615652766724901825245207560538867174876143154675111478388654705928738510798048413633438935
-5496138761297961755160208080292790288604006412497069409676536988745450780018336960
-99102160956092326102856984019347379821169
21630460509616601531679419542854087882
-798816372842517472574003977613919643008896559447578157685873543006074596743611208631855132198213719292282559335509201431532
785975475524450308579101426968618670462361801283926235973088835909374975508826025767046562569498704
3442172811815106123189437130759059463211409236225607733944119989046045093666372037983
619688064803008446776062375667404556487634806288640771887482454154825638627
49575634270114105550937075686077172045684038428259922171017564842882411
-74478628575252337123575651863200355838255524254440200734244146727646311287014267720
-3485922403421224432232304505503241058087283
-7122389232205842208933822527508275009823153545725564358460279745368560384
-3500802740363592105864862
585494486655103657472642727874591239914614781375338143305252107108056530799932563183259360
9776960003723210175499595124732305987740597926595608496047380196512599624306661037984
34599200900438029455146465493721446956800044131930323729662806909649760148828412682714917131143530526906112204529429461605227224879695
9011906937646335113245376003951568146640692628478470750653474623100744209869404629528186
-125833489867847794013886423763861463574926125
-1388619405825992514883564149011416639664723924234531834743484187435229744684467532396339055055834338649594225173241356966382989772579708545860804862181855362406462
-67398030405307486320619428117724732659743261816559488076853055520902539221074044
7876055170452310382902093518934835803880380880422483609859800703843676883906
4904318138064534551076524233538733693671911544894416361875033356332301648977737629091883127547404791
-861165713711370264230332153391886
-1541727509188005556726313975582831245998056118855655386009710575512362142761561408622066
-42738129183126111177619257540081456261949058580381380940197180037100475480860774247906785239
321200296199676396401589809328762516764290845620088401116054792023884382711168858409499306411226087908564958
98981726754859787062342241956123826288071646583315641720052862054909094309901214421757512408233
229145929056914302621297928796580028911299657893186353371856959142317919421501892771153365558490
6264659085801143932440108659325821070207989207005648673449396643138301126567076202664191696270287058902990593377248077653137431061543059259187200
602122423090376496802021698665408453494142975405239848433884450025583496012269906675524808150140428057055600441817106
-29282916852756200093593179605040586528845306933666474043853612926704090855797854305632
78824003713556856228786562743816597851105452574
1418573555318464135196598401275942018384
-36966436193751587196250269075256320790398254608046241300545621798231417841681700632183679072970468840953971501837119096
70532088362733424492519561959427804683529677848368602668
5612270607552938492520102997817558201142187622197906257056888896977461252251527936364314098503437006
9267021345204015004099059874094439776935707198048624532
-8568424727294436793918729260924331544249636680501542304690577209424370
8575856746103550402712283070899
74601774515642539479985678024212661005064507604524791167543710
-6888093331867720243975747207650342090213610717322610863070913307465613143831864537
5802275133254978197690243433330534009652274016615180764474603905
-88410585101134514076025464711188872516337436599679813824212691627568263533874860925080768820869580758949
500032482905514982867422
4339403394772540318939030065804704032578363825679301
24619012063428915036008223757725263175319317346298808264572913956451238556983261897552767155006202
-68692977209948228112096881140764123704375664171659446433993636811
3551304201568890161
4409085532313766599785770243036651851459625148916215288855932026118284596510078201830311579382
80235898324558972173720682021098303221569054486168507085800609239949939937
41877943303237436601553089585804354449474736288653789959327138699221315490
-11571340436729630388811
-36583724754896624541177916359678583881482129500767039058561577784294373746287
94024735475606013274857387412526396
-4944411486543646996108030595273933799081832031157904286117507132769616060644993255428703602167578347
452237202512306625992319600418818584601379453457
92807464903
187205114938743326244749861351278487662544266007496612320126201676615551573301988653
245636350491169274609672711413555619228070584133042058746
-474666381744271275931371519509268730829346673109892976625053686953705973363024140524793324505876490802444
-274487443141930475715101560523703244161896557486376896867994852316919215833611310319636342468805117362270445641533080
969485049282730967349188
3850815504676616838777247306028110333096408955845210
453996896626897674809807216444303712399718584638930372707739333742152
645481652550836602516665771349338590832993513087544101378738292901
-36439870902504266441064033137297705746138052788372733934047568500718490
41397534751714405933802114661789386262499614215443185619
-84475185261291788953790738975512258255024729577641937460689956776166610168655359191613544
407098070273020158513594417893414865577502142623584279428194547421747192393
75764786030578122794245988578130721086681878607944308237249669479537761863194991004797404399
78231655146877381427739002345167387208664052527405994164603825323763755110226305157564809322666277913794639246597792
-3102932559679124852646703556611544900104520034841580086712070003699631779953541980585906448019973741
39579909496719656392346279557871166047527903663616313564950656075837191
893541422598393873947365683836443440515869538635510331223
-66566492326343402546919355916354222272531255028612370759170698074956838269348614
288144514952342257830410935843935742970288833608065229105085650789879022295606053095996576
823715503404963892980807230013342895935
976173556358451708449182143731320415021807386199327589833430180679283209446407068560713472751226486
46798508854898202046543830
118136568426627963201393512361952719067211648915518274481744202087311964504623593244583079631
-7504197795972064
-70015024533221183056895895274921006017550141796734976028696027955872182844583489429690730432402951
-685643413890966360362789630941873016017352376401819
-3312383695286019297506573313688135862884666090553507809004262879642684567570515363665170426266346
-393367780881642448310008253766177501445401927936241858757643592624527492737440206083
64389661752656458819414201032428769551653321520621819179587110872582547305795321839253209120186769645179329452974754602
-4800328338858074669059820379670922094356091913886219424107420082187864654263998468007397573438463599661417442653423987712528723843420632652
15480707351378827784990837087759485304045987825185387202615262308657233922
839810393335923868177079970321477192532040103159897523106318484774666343005915410555
-236666229911044283944095113484749480252841868276135401988083827766967253536976383921432794789864
63920212329061082787832176161491
-991403098327118706587748595142802501045409471385243384359188393412753
578326287464888483656656647725055425
1111839330357362919016123210148829670035137754321
-743736569717223767165027883027925899225578008594184126621127651102354704744896511581866491789654969386580210
52203389166850225067143666040888389263305868674513305558695197934704746345251061696334005518096349261183553893565655627515503676863279275245193
-9213885003141189878591202403651103742894835226051811808423238601050003
543185716771276794949643844942706515235194901022304559326906508892648125896957798913580415406269622
-270276085574442047650242636724978364552562820037794128569193634603468074560929933975
2606641128117587723857468778822859498277926500110287380660719103409659523195465641675036814789812697476650347790119157645867619076612785154694
45463638477368869121074287
51565963511898573921063398
-4344580886349093566007385603981333864874686551307391
842766817677298061366196143092092095831463241063
-391737510257845756858570521486225530123112348172389881301100750561586837158562478288712659806
-19639087688618350538866322204171633785037941289199110224581345530289825682761184467793742207968
-4878053597032248255994455226032115062430002231699155323059439405382
-906632273139326886668891227346622332073144477717141841665239422392674
-383350502036216434096046601842270268953480604379604
-11084099954408950571526241556169667701850165312591580856083992684656464703151917544656
992052196668644764927351328762732568908545561371584522589277813504734819516510490751087180334653
-3410524598959992121382981337304613405668856421196761635763461316169636613966582955365071988
6550339714530
375531717304995598217139114179344923830785548837524508399382898674354
-5865300520940933450
81829636668498192396988770398046640217293971575277487058586662877949703
3340592461659279270319455305244712240924350
51649151820274185872573640940
49642160328515581020460200443824
-261839386522129201568504544718752512616353907865534342463471705345238565749966339616549
-7814296857935016785781565375651253861049
21094137188277221207824265739418439504652937726560351654659189421406547337974229237171548543704811675046099197685191420163664347123
-2441975201676277946122870297581375852004519215650651411713736
-20800707904404372353463980694217260500565275665499213
-24741492777892021197960947324056992007266118968368242799246289
2474544423167209491655587803095526201959387532176148229118577044521
19251293430024241621264089381226404348
1718842333020556767012096909549929161630312045528
978091318335085604295602263484324052438670252809237725700146760
-235610399557948164327459904526380406657694339853581125
-4707822942771743302683112079764654576867385840160800025166
8530195102883085998867270232311459153633182955962737140992914770587837361195551087
83689258121056480117810722695231191739031260758415403787942531590088027924206816608483847477
-12132837246
-1727331457047197154718793934655521738459184007988512089962
-7589370333837139186188175433306368619280053478649387344834909728734566811147671521935505012689
-11418318252432
-56762195867577939803609890660944680646259495903312146928805159531464317738
-83024076981596651466520975608785260947028763952540671346748259423374202032910689951083940636
547962795935482762703714281153299721480646944176483100
-80096063762004083361299504587201683354313345275315234116826073578991595190282315726909859
-463908920896790393925264350199645738115713225184882657569447
431411830059085202942490181503479463748755755145231714223718986947102787788553712596033739232510309
-79770147281663854865897332467206794197723809934655074815
455375784997338318249603224968540227862714665925262
-173493182002296681648475153523973025511663937407412006255201736109482891288889598726724451771747952882952639029133066544
-609254531094922484251032472462645356627613221151419878948653984608004476566843505521354557918903865731245390192790168902175870398452162915798247735
71272416308815250843091305587864311533022484431801748494973227040740643525769010562565451150093400654734423491901378003995657671553700470506382301439023008498740452
-84481337254805553398404883060646123300221052212473502703103792222
-865482412553382535305324153780254053
4228594979877048979796673824542933027190487047053911238493811798368034828214326049193660808532694594
3574333526291815201304717328073823241154916681955862825609524201101373368089618976649752175844
-1175886592180644149978270346759233505514925362130872929821056069081320927
5095242202562612240413195805731824090349548978172283523
-74198352666926863785915241372545197769105981674229611420323027959175358603020899
-17170068571145735918265109756175635812285984580254639715723919179329837591113622374670828824892817713
67460675289766706610250464482468257044276470198915765967086618896127249598759615723195531
691025301205924053184494636604586356808499008287488771972968317981756854
2812864626250544643746679365801447992793023014710252731503741175561957345819008138917456653329154463647011436014318049835539804005
68496003040888451093473813029042679025871090822748603980
953809044804986129022585839303890816841602972587394199051703548382080554645023496283393200
-8410069310408469235231804144184297678351014958664884059179086848
1275984563980727205140
-852606461838891564782721259796718597420
589941431613891186205383936630770084592332321623279577595100368650746717778178105461424
-6669489826205365393849814619503705448394047829006081953849195492612682499639297586072796640869194423983687371666286944141052586381150
9399523348532581437083491803956289984265528836519370051540443487175174935
124102348614580724151715225920441577718960377440772158154777095822510246617824057136087896875987697902631966905854646484349665134170326097080
76748832539268551373052820031340012572590560623314534251083147
-185011892300301851661557272739429193009115021223254157397897602599
23379045764811786589838721692601315722310568
1637822628516313189213528129572647594074145617377207639797007685880260412370064848997478700099106219012885190262241347799440124936070
-51772219634107855635276858178013694205278137699567700142165727460371235473183085
-84803313884466907086858735954826522509407379343399735509161
92183556970857187106346865860587130848370184924014101609676383246789502635584137
10275306623870389979294194266740074578305895678132182175299935674665609275805857958862340181694440429863969964132648298918459547527641001425023492391664684
-12067423077434109672295412156530987223730098778467143621214774629261611
18790030098418097976452166628594997648218048280104
-5642296980409488934633027826067964065053091865539669925726220380700635822312634858380278732763028
977482978928940773081610409161286916714105907046955842680941703456792427227331597466130634818409443
29356196566378306105301652114013743043065054
-7091931499366635192840370564604022370632918281494531046683947679762990027093172483141
-28126361873713849032196022767704959950501582611773501428
-67042662949996793247252761182474180351932363109168742058830056682740152230551756197143733009
-20241586389535156052849352505276516433536703723160368486321162614748557036001765406167782758241196018301398022
20714541681706789180184574252509246842073348620687862354713498050
-7786920872668156930103008845220985853809120781786684540460469334059910600406312095648345781188812894894240467055912990857908851273961344339912675472
59650501680772501835941090878068485057582388938859980177258769485539786334009150538752541116872044247676006621260317599944281719677195
-85448036270855550290458682643829870423128321379758826805658
-4255511593430038339540634534975352073768092618733640471743791016107385257371105990593445233267400325213575874747927858091533962334107662910544003323530676881151085700
9201972180635173874922445987113476733666524028018900951140007355741581469641806530026148914602337880699918948438907204864128199736552256134495556956
-135292017022662870456461040121166438524840348741782
8289461519816721888404645431867731654959356286757952224409056688777309891120118237
-849884045969601319785617737824631980081903327785701113
-9478126578349247833917101511588176150641
7185108747924460573008951393700750623767840138
2098703988862202122317524664
14442456095300351458136985789972938615536089
2469413922019870483698117140457568925452912142567399929025664636757544783289996333246876356671
26526026411201449557221767938229551781666028602386956229648321747639044741982656704886
78271237422762607392939276826494911622030512245784141690502836627
9157780895605208878315458441110706175387977567175145495046415740303591757677088585773500204041934498
4001234628709978929985384827907909234924225879372820720379106785929
39602019440450227901535261793545758175559859581396705467260131350280
-39563071399406729334791321555496740204938964719600601750680
59809098954981920200139228824660559682577275137016432852363939895803342
8502492205159389281764313650526166259047802034136489538589519826687000499699
-83391052313865371474214516150259958787919128979913421879422251403155617790121078324587466559529341865740386347273391996591479550792737202750175977944145915922227553
-4715216359068542227133932078906982841145824252235405424952024859010296059226084453044204340539935977436
968391185578398687287555125938867343064607396857745169703669539463796726573099691746941814457122
672640857250351840197582267789234347314448616004714028133190821
30487450196392297550528780416101086209337277234841273413090560327903938618035046197699764
-42123505984340826161781100903028492276376438970931971529906207408641767010530
-31313160132051073016440807262760071849275981578642606603435213093342862002521445967423
922170959538911163832918604824700679496045122002021577691099140550752873062787
1402671787144304415307931857055486367494214468301430318427501064555571533468368863056
9376817262181922474338579240838745939596615604749007929707820518
-9174891675790363159276284500240502689321971674205705833765
-703740886192428595665834982762520447229605020379734742459592808184
